ALLEEG(2) = [];
ALLEEG(34) = [];
ALLEEG(66) = [];
ALLEEG(98) = [];
ALLEEG(130) = [];
ALLEEG(2) = [];
ALLEEG(33) = [];
ALLEEG(64) = [];
ALLEEG(95) = [];
ALLEEG(126) = [];
ALLEEG(3) = [];
ALLEEG(33) = [];
ALLEEG(63) = [];
ALLEEG(93) = [];
ALLEEG(123) = [];
ALLEEG(4) = [];
ALLEEG(33) = [];
ALLEEG(62) = [];
ALLEEG(91) = [];
ALLEEG(120) = [];
ALLEEG(5) = [];
ALLEEG(33) = [];
ALLEEG(61) = [];
ALLEEG(89) = [];
ALLEEG(117) = [];

ALLEEG(7:8) = [];
ALLEEG(33:34) = [];
ALLEEG(59:60) = [];
ALLEEG(85:86) = [];
ALLEEG(111:112) = [];
ALLEEG([18, 44, 70, 96, 122]) = [];
ALLEEG([20, 45, 70, 95, 120]) = [];
ALLEEG([21, 45, 69, 93, 117]) = [];
ALLEEG([121, 126, 152, 157, 183, 188, 214, 219, 245, 250]) = [];
ALLEEG([127:128, 130, 156:157, 159, 185:186, 188, 214:215, 217, 243:244, 246]) = [];
ALLEEG([128, 134, 154, 160, 180, 186, 206, 212, 232, 238]) = [];
ALLEEG([138, 162, 186, 210, 234]) = [];